0
0
0
0
0
0
0
0
0
0
0
0
0
0
0
0
0
0
0
0
0
0
0
0
0
0
0
0
0
0
0
0
0
0
0
0
0
0
0
0
0
0
0
0
0
0
0
0
0
1
0
0
0
0
0
0
0
0
0
0
0
0
0
0
0
0
0
0
0
0
0
0
0
0
0
0
0
0
0
0
0
0
0
0
0
0
0
0
0
0
0
0
0
0
0
0
0
0
-114
122
101
14
-25
94
103
-121
-3
40
-33
-99
59
96
-67
99
45
-96
-112
30
-91
-100
45
61
17
-90
74
107
-8
68
-95
-1
48
67
-114
-20
79
80
-89
-128
-50
-60
-96
11
-115
-74
125
124
-88
-4
78
-118
33
-60
-80
-42
110
-3
-35
-47
-46
-115
76
-68
96
-86
-36
104
-106
79
5
-107
-68
-45
-60
20
-60
65
-32
-66
-57
-49
-96
93
21
66
59
-107
-70
-77
55
117
65
57
64
80
-37
-93
98
-65
71
58
32
-113
119
-31
-110
111
-114
-71
-87
-62
-103
125
-91
13
127
84
6
-72
-85
-15
-102
-65
70
4
-58
5
94
-15
-60
-73
-54
-56
126
8
-121
58
119
35
34
15
-112
-62
-52
62
106
