0.001072001322
-0.002703190791
-0.005817734738
-0.006970021410
-0.005306135831
-0.000815686252
0.005469828607
0.011575941529
0.015008018511
0.013433032983
0.005469828607
-0.008617192459
-0.026530679154
-0.044016815671
-0.055462404505
-0.054941804985
-0.037520046279
-0.000532484348
0.055462404505
0.126311322068
0.204614917550
0.280780295699
0.344599202218
0.387046207841
0.401929330299
0.387046207841
0.344599202218
0.280780295699
0.204614917550
0.126311322068
0.055462404505
-0.000532484348
-0.037520046279
-0.054941804985
-0.055462404505
-0.044016815671
-0.026530679154
-0.008617192459
0.005469828607
0.013433032983
0.015008018511
0.011575941529
0.005469828607
-0.000815686252
-0.005306135831
-0.006970021410
-0.005817734738
-0.002703190791
0.001072001322
